I
1000 Generated by WorldEditor

1    341 1 0 EDAM Merseburg
100 30.00 2 0 0.00 0 0 0 08  51.36122641  011.93277223   61    0 2 0 0 0 26  51.36413792  011.95096517  102    0 2 0 0 0
110 2 0.00 75.6200 Taxiway 1
111  51.36141851  011.93269332
111  51.36103350  011.93285126
111  51.36104145  011.93290090
111  51.36115851  011.93363199
111  51.36210657  011.93955331
111  51.36225545  011.94048319
111  51.36343851  011.94787229
111  51.36358062  011.94875986
111  51.36394629  011.95104369
113  51.36433003  011.95088625
110 2 0.00 165.6200 Taxiway 2
111  51.36151348  011.93330219
111  51.36153103  011.93329537
111  51.36151733  011.93321081
111  51.36153717  011.93320240
111  51.36152479  011.93312520
111  51.36154372  011.93311807
111  51.36152889  011.93302842
111  51.36158112  011.93300625
111  51.36157198  011.93295052
111  51.36162327  011.93292777
111  51.36161567  011.93287305
111  51.36166704  011.93285176
111  51.36165914  011.93280014
111  51.36222436  011.93256428
111  51.36223442  011.93262279
111  51.36228328  011.93260153
111  51.36229215  011.93265657
111  51.36234593  011.93263420
111  51.36235559  011.93269237
111  51.36240693  011.93267110
111  51.36242042  011.93274620
111  51.36243557  011.93273981
111  51.36245001  011.93282569
111  51.36246856  011.93281827
111  51.36248264  011.93290523
111  51.36250106  011.93289771
111  51.36483033  011.94748446
111  51.36480483  011.94754045
111  51.36481412  011.94760127
111  51.36477543  011.94770419
111  51.36475514  011.94771251
111  51.36475909  011.94773768
111  51.36470480  011.94775999
111  51.36470934  011.94778734
111  51.36423478  011.94798465
111  51.36423319  011.94797381
112  51.36407904  011.94794161  51.36400163  011.94790329
112  51.36386415  011.94770791  51.36382849  011.94764253
111  51.36380377  011.94753795
111  51.36379317  011.94754212
111  51.36399886  011.94883114
111  51.36401200  011.94882511
112  51.36401133  011.94863852  51.36402028  011.94855484
112  51.36412622  011.94826940  51.36417629  011.94818426
111  51.36425412  011.94811535
111  51.36425219  011.94810200
111  51.36497245  011.94779888
111  51.36252050  011.93244037
111  51.36251070  011.93244589
111  51.36249744  011.93236290
111  51.36248110  011.93237009
111  51.36247212  011.93231465
113  51.36142369  011.93274680
110 2 0.00 75.6200 Taxiway 3
111  51.36299869  011.93403287
111  51.36285947  011.93408674
111  51.36285034  011.93403439
111  51.36279995  011.93405513
111  51.36279524  011.93402699
111  51.36277295  011.93403505
111  51.36281729  011.93431370
111  51.36283813  011.93430477
111  51.36283392  011.93427956
111  51.36288609  011.93425750
111  51.36287678  011.93419876
113  51.36301694  011.93414085
110 2 0.00 75.6200 Taxiway 3
111  51.36282590  011.93306608
111  51.36272133  011.93310658
111  51.36271754  011.93308245
111  51.36268231  011.93309475
111  51.36267755  011.93306760
111  51.36264357  011.93308071
111  51.36262908  011.93299411
111  51.36260736  011.93300270
111  51.36266987  011.93339549
111  51.36269113  011.93338642
111  51.36267755  011.93330514
111  51.36271330  011.93329072
111  51.36270819  011.93325859
111  51.36274207  011.93324494
111  51.36273767  011.93321818
113  51.36284414  011.93317406
110 2 0.00 75.6200 Taxiway 4
111  51.36310623  011.93611706
111  51.36312670  011.93610815
111  51.36311666  011.93604722
111  51.36316831  011.93602851
111  51.36316264  011.93599305
111  51.36320188  011.93597671
111  51.36344388  011.93620058
111  51.36347907  011.93610139
111  51.36323696  011.93587671
111  51.36322945  011.93582936
111  51.36337866  011.93539953
111  51.36331578  011.93534242
111  51.36318041  011.93572773
111  51.36311802  011.93575120
113  51.36303716  011.93569382
110 2 0.00 75.6200 Taxiway 5
111  51.36338717  011.93787538
111  51.36342929  011.93768941
111  51.36373054  011.93755908
111  51.36371190  011.93744896
111  51.36341149  011.93757616
113  51.36331833  011.93744886
110 2 0.00 75.6200 Taxiway 6
111  51.36348497  011.93849810
111  51.36354512  011.93847487
111  51.36366796  011.93832731
111  51.36374218  011.93829794
111  51.36372576  011.93818566
111  51.36364962  011.93821596
111  51.36348796  011.93819546
113  51.36343976  011.93821254
110 2 0.00 75.6200 Taxiway 7
111  51.36359117  011.93916044
111  51.36363254  011.93899443
111  51.36369211  011.93895181
111  51.36391360  011.93900815
111  51.36392626  011.93889524
111  51.36365694  011.93882610
113  51.36350961  011.93864575
110 2 0.00 75.6200 Taxiway 8
111  51.36384312  011.94073241
111  51.36387321  011.94068382
111  51.36386872  011.94065542
111  51.36392766  011.94063223
111  51.36418656  011.94087093
111  51.36422201  011.94077327
111  51.36393630  011.94050878
111  51.36413262  011.94011542
111  51.36408116  011.94003405
111  51.36392623  011.94034558
111  51.36384522  011.94037804
111  51.36383974  011.94034374
113  51.36378274  011.94036529
110 2 0.00 75.6200 Taxiway 9
111  51.36437378  011.94406924
111  51.36440325  011.94405806
111  51.36446530  011.94394379
111  51.36469641  011.94384194
111  51.36467663  011.94373139
111  51.36444475  011.94383324
113  51.36432725  011.94377424
110 2 0.00 75.6200 Taxiway 10
111  51.36473601  011.94633113
111  51.36479270  011.94630673
111  51.36478832  011.94627913
111  51.36484020  011.94625912
111  51.36483609  011.94623139
111  51.36490702  011.94620380
111  51.36497791  011.94624144
111  51.36522811  011.94647674
111  51.36526216  011.94637910
111  51.36501108  011.94614255
111  51.36500240  011.94608566
111  51.36515931  011.94566657
111  51.36509804  011.94560851
111  51.36494590  011.94601201
111  51.36491759  011.94605114
111  51.36476171  011.94611449
111  51.36475783  011.94608778
113  51.36469928  011.94610890
130 Airport Boundary
111  51.36836829  011.96764732
111  51.36845095  011.96460213
111  51.36869435  011.96330755
111  51.36843258  011.96086551
111  51.36803764  011.95833520
111  51.36716503  011.95312395
111  51.36725229  011.95231485
111  51.36634330  011.94679389
111  51.36600112  011.94689894
111  51.36346947  011.93072747
111  51.36230263  011.93116452
111  51.36158708  011.92672581
111  51.35920705  011.92773700
111  51.35975364  011.93126493
111  51.35859878  011.93173985
111  51.35866093  011.93403918
111  51.35857311  011.93450632
111  51.35837550  011.93497345
111  51.35807124  011.93525474
111  51.35651487  011.93594827
111  51.35945980  011.95406894
111  51.35826998  011.95456277
111  51.35806986  011.95368426
111  51.35658017  011.95416191
111  51.35570609  011.95425000
111  51.35553067  011.95582824
111  51.35532792  011.95668437
111  51.35525553  011.95752682
111  51.35544038  011.95888742
111  51.35536990  011.96001500
111  51.35546770  011.96089589
111  51.35775410  011.95992973
111  51.35807843  011.96037727
111  51.35890096  011.96519318
111  51.36252662  011.96369657
111  51.36289987  011.96607746
111  51.36475828  011.96533989
111  51.36509700  011.96760496
111  51.36633815  011.96665440
111  51.36696817  011.96687932
113  51.36712798  011.96797900
120 Linear Feature 19
111  51.36343851  011.94787229 20
115  51.36358062  011.94875986
120 Linear Feature 18
111  51.36210657  011.93955331 20
115  51.36225545  011.94048319
120 Linear Feature 17
111  51.36104145  011.93290090 20
115  51.36115851  011.93363199
120 Linear Feature 22
111  51.36389667  011.94812930 1
111  51.36397408  011.94815335 1
115  51.36425513  011.94803913
120 Linear Feature 21
111  51.36181272  011.93273358 5
115  51.36179081  011.93259829
120 Linear Feature 20
111  51.36427381  011.94809156 5
115  51.36425340  011.94797797
120 Linear Feature 5
111  51.36522711  011.96788293 20
112  51.36526817  011.96776558  51.36529075  011.96771380 20
112  51.36533527  011.96765951  51.36535309  011.96764325 20
112  51.36540555  011.96760121  51.36543881  011.96757828 22
115  51.36585966  011.96729034
120 Linear Feature 4
111  51.36535048  011.96799799 20
112  51.36530615  011.96784703  51.36531171  011.96774688 20
112  51.36542361  011.96763874  51.36547702  011.96760208 20
115  51.36587406  011.96732921
120 Linear Feature 3
111  51.36584975  011.96724470 20
112  51.36532932  011.96760260  51.36530107  011.96762189 20
112  51.36521745  011.96774592  51.36519291  011.96780823 20
115  51.36510847  011.96783887
20  51.36246896  011.94171056 255.6200 0 2 {@Y}_1_/_2_{@@}_1_/_2_
20  51.36282324  011.94156079 255.6200 0 2 {@Y}_1_/_2_{@@}_1_/_2_
14  51.36506262  011.94692374  49.21 0 Tower Viewpoint
1300  51.36359217  011.93830214 167.60 misc props Ramp Start 1
1300  51.36358039  011.93756011 165.61 misc props Ramp Start 2
1300  51.36318896  011.93585704 167.92 misc props Ramp Start 3
1300  51.36288119  011.93413727 166.21 misc props Ramp Start 4
1300  51.36272398  011.93316712 167.81 misc props Ramp Start 5
1300  51.36369923  011.93889471 190.66 misc props Ramp Start 6
1300  51.36390525  011.94049043 169.06 misc props Ramp Start 7
1300  51.36452962  011.94386082 166.73 misc props Ramp Start 8
1300  51.36492194  011.94612729 165.71 misc props Ramp Start 9
19  51.36355512  011.94424825 0 Windsock
54 12290 Merseburg Info
1200 
1201  51.36486021  011.94779435 both 0 _stop
1201  51.36490796  011.94765995 both 1 _stop
1201  51.36248680  011.93252678 both 2 _stop
1201  51.36259570  011.93322093 both 3 _stop(split)
1201  51.36275328  011.93418819 both 4 _stop(split)(split)
1201  51.36303022  011.93592548 both 5 _stop(split)(split)
1201  51.36331199  011.93768603 both 6 _stop(split)(split)
1201  51.36342082  011.93837166 both 7 _stop(split)(split)
1201  51.36350185  011.93888104 both 8 _stop(split)(split)
1201  51.36376911  011.94054283 both 9 _stop(split)(split)
1201  51.36431451  011.94394972 both 10 _stop(split)(split)
1201  51.36468093  011.94624101 both 11 _stop(split)(split)
1201  51.36236024  011.93243778 both 12 _stop
1201  51.36429328  011.94802301 both 13 _start
1201  51.36125059  011.93289147 both 14 _stop
1201  51.36184007  011.93264844 both 15 _start
1201  51.36411333  011.95081056 both 16 _stop
1201  51.36129546  011.93320444 both 17 _start
1201  51.36237064  011.93992551 both 18 _start(split)
1201  51.36370565  011.94826389 both 19 _start(split)
1202 0 13 twoway taxiway 
1202 1 0 twoway taxiway 
1202 2 3 twoway taxiway 
1202 3 4 twoway taxiway 
1202 4 5 twoway taxiway 
1202 5 6 twoway taxiway 
1202 6 7 twoway taxiway 
1202 7 8 twoway taxiway 
1202 8 9 twoway taxiway 
1202 9 10 twoway taxiway 
1202 10 11 twoway taxiway 
1202 11 1 twoway taxiway 
1202 12 2 twoway taxiway 
1202 15 12 twoway taxiway 
1202 13 19 twoway taxiway 
1204 departure 08,26
1204 arrival 08,26
1202 14 17 twoway taxiway 
1204 departure 08,26
1204 arrival 08,26
1202 15 14 twoway taxiway 
1204 departure 08,26
1204 arrival 08,26
1202 17 18 twoway runway 08/26
1202 18 19 twoway runway 08/26
1204 departure 08,26
1204 arrival 08,26
1204 ils 08,26
1202 19 16 twoway runway 08/26
1204 departure 08,26
1204 arrival 08,26
1204 ils 08,26
99
