I
1000 Generated by WorldEditor

1    738 1 0 EDBL Laucha
100 30.00 3 0 0.00 0 0 0 09  51.24626161  011.68833737    0    0 0 0 0 0 27  51.24591930  011.69881859    0    0 0 0 0 0
110 1 0.00 60.0000 Taxiway 5
111  51.24278410  011.69460724
111  51.24271163  011.69452532
111  51.24259192  011.69476056
113  51.24266360  011.69484703
110 2 0.00 128.5000 Taxiway 4
111  51.24269523  011.69426378
111  51.24253333  011.69405788
111  51.24230226  011.69450984
111  51.24246888  011.69472076
111  51.24252996  011.69459744
111  51.24263342  011.69468205
111  51.24267285  011.69460448
113  51.24260153  011.69445294
110 2 0.00 83.4000 Taxiway 3
111  51.24315000  011.69300610
111  51.24281810  011.69307294
111  51.24282141  011.69311812
111  51.24276817  011.69312713
111  51.24279090  011.69343768
111  51.24284414  011.69342866
111  51.24284811  011.69348295
111  51.24286314  011.69368823
111  51.24287992  011.69391756
111  51.24310055  011.69388110
111  51.24308429  011.69365132
111  51.24306985  011.69344737
113  51.24318138  011.69342537
110 5 0.00 0.0000 Taxiway 2
111  51.24281430  011.69290398
112  51.24295597  011.69292626  51.24303703  011.69291340
111  51.24307283  011.69302421
111  51.24314883  011.69300931
112  51.24316779  011.69325941  51.24317219  011.69331095
112  51.24324353  011.69325713  51.24324463  011.69318802
112  51.24322781  011.69294327  51.24320204  011.69283008
112  51.24307634  011.69276636  51.24301997  011.69276979
112  51.24290282  011.69283239  51.24284254  011.69284589
113  51.24281346  011.69286325
110 3 0.00 92.9900 Taxiway 1
111  51.24617982  011.68985268
111  51.24623507  011.68843571
112  51.24580107  011.68835825  51.24564513  011.68851839
112  51.24559749  011.68877063  51.24562116  011.68891521
112  51.24574800  011.68959869  51.24577445  011.68972547
112  51.24571301  011.68993683  51.24565871  011.69000801
111  51.24498116  011.69091713
112  51.24367826  011.69267163  51.24356273  011.69283877
111  51.24307634  011.69276636
111  51.24314883  011.69300931
111  51.24317955  011.69342341
111  51.24306697  011.69344424
112  51.24309800  011.69387741  51.24312904  011.69431058
111  51.24278310  011.69460659
111  51.24266122  011.69484633
112  51.24278008  011.69483787  51.24286653  011.69479017
112  51.24359244  011.69429466  51.24370117  011.69448351
111  51.24478373  011.69631080
112  51.24533546  011.69724275  51.24537863  011.69730948
112  51.24540665  011.69755321  51.24537045  011.69768889
112  51.24529293  011.69817342  51.24527761  011.69827573
112  51.24556125  011.69864525  51.24569491  011.69882319
111  51.24586878  011.69874873
111  51.24591152  011.69760687
111  51.24484794  011.69579226
112  51.24449989  011.69519843  51.24447646  011.69515868
112  51.24450479  011.69503853  51.24452968  011.69499332
112  51.24494872  011.69423438  51.24496658  011.69420357
112  51.24494738  011.69410264  51.24492594  011.69406840
112  51.24410063  011.69275759  51.24408933  011.69273954
114  51.24410089  011.69269399  51.24411136  011.69267990
130 Airport Boundary
111  51.24163089  011.69479550
111  51.24222818  011.69552489
111  51.24257881  011.69480527
111  51.24666441  011.70044034
111  51.24828342  011.69950540
111  51.24865565  011.69806173
111  51.24877674  011.69782888
111  51.25298691  011.69528644
111  51.25169178  011.68366176
111  51.25120068  011.68418286
111  51.25050387  011.68495562
111  51.24841910  011.68659248
111  51.24639037  011.68766497
111  51.24469124  011.68927031
113  51.24335728  011.69154301
20  51.24593078  011.69345355 272.9100 0 2 {@Y}_1_/_2_{@@}_1_/_2_
20  51.24626923  011.69347083 272.9100 0 2 {@Y}_1_/_2_{@@}_1_/_2_
14  51.24309598  011.69406648  16.40 0 Tower Viewpoint
1300  51.24313981  011.69321864 353.56 misc props Hangar 1
1300  51.24255089  011.69450744  36.34 misc props Hangar 2
1300  51.24300465  011.69372268  18.21 misc props|helos Fueling station
1300  51.24405901  011.69326855  40.09 tie_down props|helos Grass apron 1
1300  51.24417528  011.69309942  46.25 tie_down props|helos Grass apron 2
1300  51.24381219  011.69326647 224.36 tie_down props|helos Grass apron 3
1300  51.24404732  011.69288360 225.29 tie_down props|helos Grass apron 4
1300  51.24417617  011.69394474 223.69 tie_down props|helos Grass apron 5
1300  51.24441845  011.69353281 225.54 tie_down props|helos Grass apron 6
1300  51.24443209  011.69393851  42.45 tie_down props|helos Grass apron 7
1300  51.24419241  011.69435770  43.74 tie_down props|helos Grass apron 8
1300  51.24464313  011.69460356 222.86 tie_down props|helos Grass apron 9
1300  51.24488820  011.69418697 223.37 tie_down props|helos Grass apron 10
19  51.24564500  011.68912700 0 Windsock 09
19  51.24536900  011.69765100 0 Windsock 27
54 12247 Laucha Info
1200 
1201  51.24309902  011.69375154 both 0 _start
1201  51.24321215  011.69322281 both 1 _start
1201  51.24469195  011.69395105 both 2 _start
1201  51.24458461  011.69413944 both 3 _start(split)
1201  51.24446551  011.69434500 both 4 _start(split)(split)
1201  51.24433683  011.69456586 both 5 _start(split)(split)
1201  51.24428689  011.69332565 both 6 _start
1201  51.24419988  011.69346709 both 7 _start(split)
1201  51.24401660  011.69376167 both 8 _start(split)(split)
1201  51.24573294  011.68880150 both 9 _stop
1201  51.24592171  011.68992481 both 10 _stop
1201  51.24352600  011.69389165 both 11 _stop
1201  51.24352043  011.69370689 both 12 _stop(split)
1201  51.24350623  011.69319663 both 13 _stop(split)
1201  51.24365243  011.69300138 both 14 _stop(split)(split)
1201  51.24389553  011.69267279 both 15 _stop(split)(split)
1201  51.24560211  011.69736303 both 16 _stop
1201  51.24413608  011.69491273 both 17 _stop(split)
1201  51.24372974  011.69423248 both 18 _stop(split)
1201  51.24543647  011.69819401 both 19 _stop
1201  51.24311401  011.69437802 both 20 _stop
1201  51.24277264  011.69477829 both 21 _stop
1201  51.24260319  011.69457585 both 22 _start
1201  51.24550149  011.69839610 both 23 _stop
1201  51.24568082  011.69857323 both 24 _stop
1201  51.24592633  011.69859642 both 25 _stop
1201  51.24585242  011.68867876 both 26 _stop
1201  51.24598824  011.68855145 both 27 _stop
1201  51.24625285  011.68860924 both 28 _stop
1201  51.24593334  011.69840723 both 29 _stop
1201  51.24625019  011.68872294 both 30 _start
1201  51.24622486  011.68951375 both 31 _start(split)
1201  51.24609434  011.69345921 both 32 _start(split)
1201  51.24594753  011.69792887 both 33 _start(split)(split)
1202 0 12 twoway taxiway 
1202 1 13 twoway taxiway 
1202 2 3 twoway taxiway 
1202 3 4 twoway taxiway 
1202 4 5 twoway taxiway 
1202 5 17 twoway taxiway 
1202 6 7 twoway taxiway 
1202 7 8 twoway taxiway 
1202 8 18 twoway taxiway 
1202 9 26 twoway taxiway 
1202 10 9 twoway taxiway 
1202 11 12 twoway taxiway 
1202 12 13 twoway taxiway 
1202 13 14 twoway taxiway 
1202 14 15 twoway taxiway 
1202 15 10 twoway taxiway 
1202 16 17 twoway taxiway 
1202 17 18 twoway taxiway 
1202 18 11 twoway taxiway 
1202 19 16 twoway taxiway 
1202 23 19 twoway taxiway 
1202 20 11 twoway taxiway 
1202 21 20 twoway taxiway 
1202 22 21 twoway taxiway 
1202 24 23 twoway taxiway 
1204 departure 09,27
1204 arrival 09,27
1202 25 24 twoway taxiway 
1204 departure 09,27
1204 arrival 09,27
1202 29 25 twoway taxiway 
1204 departure 09,27
1204 arrival 09,27
1202 27 26 twoway taxiway 
1204 departure 09,27
1204 arrival 09,27
1202 28 27 twoway taxiway 
1204 departure 09,27
1204 arrival 09,27
1202 30 28 twoway taxiway 
1204 departure 09,27
1204 arrival 09,27
1202 10 31 twoway taxiway 
1204 departure 09,27
1204 arrival 09,27
1202 16 33 twoway taxiway 
1204 departure 09,27
1204 arrival 09,27
1202 30 31 twoway runway 09/27
1202 31 32 twoway runway 09/27
1204 departure 09,27
1204 arrival 09,27
1204 ils 09,27
1202 32 33 twoway runway 09/27
1204 departure 09,27
1204 arrival 09,27
1204 ils 09,27
1202 33 29 twoway runway 09/27
1204 departure 09,27
1204 arrival 09,27
1204 ils 09,27
99
