I
1000 Generated by WorldEditor

1    738 1 0 EDUO Oberrissdorf
100 25.00 3 0 0.00 0 0 0 14  51.54460942  011.59264147    0    0 0 0 0 0 32  51.54142436  011.59775195    0    0 0 0 0 0
110 3 0.00 135.0600 Taxiway 4
111  51.54277109  011.59545235
112  51.54248006  011.59504470  51.54246059  011.59501835
112  51.54235479  011.59516760  51.54230776  011.59524587
112  51.54233739  011.59541593  51.54236957  011.59546236
113  51.54256557  011.59578281
110 2 0.00 222.0000 Taxiway 3
111  51.54114524  011.59714751
111  51.54115116  011.59713682
111  51.54115960  011.59714779
111  51.54116528  011.59713754
111  51.54128404  011.59731059
111  51.54129049  011.59729894
111  51.54117173  011.59712589
111  51.54118342  011.59710479
111  51.54130254  011.59727855
111  51.54130882  011.59726720
111  51.54118970  011.59709345
111  51.54119581  011.59708242
111  51.54118737  011.59707145
111  51.54122222  011.59700854
111  51.54116370  011.59692302
113  51.54108330  011.59706143
110 2 0.00 224.0000 Taxiway 2
111  51.54103119  011.59742729
111  51.54105317  011.59738962
111  51.54106303  011.59740599
111  51.54109758  011.59734677
111  51.54108772  011.59733041
111  51.54112095  011.59727344
111  51.54111206  011.59726050
111  51.54114255  011.59720808
111  51.54105744  011.59706444
111  51.54093042  011.59728977
114  51.54097488  011.59735989  51.54100160  011.59739212
110 3 0.00 135.0600 Taxiway 1
111  51.54182257  011.59696783
112  51.54160898  011.59662945  51.54157966  011.59657902
112  51.54167479  011.59645768  51.54169934  011.59641930
112  51.54157679  011.59627800  51.54154951  011.59631528
112  51.54139309  011.59653397  51.54135286  011.59658878
112  51.54148442  011.59678183  51.54145714  011.59683226
112  51.54137633  011.59696755  51.54134837  011.59701360
112  51.54117760  011.59674741  51.54115306  011.59679017
111  51.54098041  011.59704470
112  51.54083135  011.59730376  51.54079863  011.59736874
112  51.54096082  011.59755476  51.54101134  011.59758298
112  51.54107109  011.59753640  51.54112288  011.59762022
112  51.54111829  011.59778350  51.54115784  011.59787888
112  51.54128739  011.59807596  51.54133308  011.59813791
112  51.54149144  011.59785582  51.54152952  011.59770840
111  51.54152889  011.59757839
112  51.54135779  011.59732084  51.54135044  011.59730903
112  51.54135413  011.59727497  51.54136358  011.59726034
112  51.54161096  011.59683854  51.54161885  011.59682586
112  51.54163795  011.59684548  51.54164557  011.59685647
113  51.54177065  011.59705446
130 Airport Boundary
111  51.54140792  011.59836344
111  51.54493715  011.59255471
111  51.54462186  011.59205162
111  51.54268319  011.59526824
111  51.54239250  011.59489578
111  51.54154704  011.59612281
111  51.54097523  011.59692553
113  51.54073804  011.59735304
14  51.54181759  011.59663106  16.40 0 Tower Viewpoint
1300  51.54126892  011.59701328  40.87 tie_down props Hangars 1
1300  51.54116840  011.59719114  44.47 tie_down props Hangars 2
1300  51.54104913  011.59735760  28.30 tie_down props Hangars 3
1300  51.54152405  011.59658329  50.79 tie_down props Hangars 4
1300  51.54239518  011.59533452  46.94 tie_down props Grass apron 1
1300  51.54250490  011.59519932  46.99 tie_down props Grass apron 2
19  51.54183872  011.59628464 0 Windsock
54 12230 Oberrissdorf Info
1200 
1201  51.54120511  011.59741402 both 0 _stop
1201  51.54160560  011.59671670 both 1 _stop
1201  51.54152352  011.59685589 both 2 _stop(split)
1201  51.54143550  011.59701392 both 3 _stop(split)(split)
1201  51.54135170  011.59715664 both 4 _stop(split)
1201  51.54126430  011.59731059 both 5 _stop(split)
1201  51.54242221  011.59540241 both 6 _start
1201  51.54252401  011.59523441 both 7 _start
1201  51.54249264  011.59551259 both 8 _start
1201  51.54260792  011.59533518 both 9 _start
1201  51.54132355  011.59793909 both 10 _stop
1201  51.54142277  011.59775450 both 11 _stop(split)
1201  51.54121426  011.59775253 both 12 _stop
1201  51.54120482  011.59754563 both 13 _start
1201  51.54167248  011.59682130 both 14 _start
1201  51.54148270  011.59765838 both 15 _stop
1201  51.54454405  011.59274686 both 16 _start
1201  51.54277097  011.59559071 both 17 _start(split)
1201  51.54266392  011.59576283 both 18 _start(split)(split)
1201  51.54184361  011.59707982 both 19 _start(split)
1202 0 13 twoway taxiway 
1202 1 2 twoway taxiway 
1202 2 3 twoway taxiway 
1202 3 4 twoway taxiway 
1202 4 5 twoway taxiway 
1202 5 0 twoway taxiway 
1202 14 1 twoway taxiway 
1202 6 8 twoway taxiway 
1202 7 9 twoway taxiway 
1202 8 18 twoway taxiway 
1204 departure 14,32
1204 arrival 14,32
1202 9 17 twoway taxiway 
1204 departure 14,32
1204 arrival 14,32
1202 10 11 twoway taxiway 
1204 departure 14,32
1204 arrival 14,32
1202 11 15 twoway taxiway 
1204 departure 14,32
1204 arrival 14,32
1202 12 10 twoway taxiway 
1204 departure 14,32
1204 arrival 14,32
1202 13 12 twoway taxiway 
1204 departure 14,32
1204 arrival 14,32
1202 14 19 twoway taxiway 
1204 departure 14,32
1204 arrival 14,32
1202 16 17 twoway runway 14/32
1202 17 18 twoway runway 14/32
1204 departure 14,32
1204 arrival 14,32
1204 ils 14,32
1202 18 19 twoway runway 14/32
1204 departure 14,32
1204 arrival 14,32
1204 ils 14,32
1202 19 15 twoway runway 14/32
1204 departure 14,32
1204 arrival 14,32
1204 ils 14,32
99
